1
24
21
17
56
35
54
56
62
69
79
81
96
137
143
146
157
172
184
191
204
207
255
279
297
298
307
308
309
326
340
342
353
360
364
379
405
413
422
439
455
469
476
488
501
506
513
558
572
574
578
582
584
587
601
605
607
608
610
617
618
638
643
665
666
674
679
680
698
728
733
738
742
769
775
791
804
807
818
853
862
867
878
885
894
926
933
988
998
1000
1002
1004
1012
1015
1019
1030
1033
1038
1039
1043
1045
1061
1062
1063
1081
1087
1094
1105
1116
1127
1166
1190
1192
1193
1205
1227
1234
1242
1243
1250
1252
1263
1275
1286
1309
1320
1347
1352
1357
1362
1376
1388
1389
1406
1416
1418
1422
1426
1428
1429
1431
1432
1440
1457
1474
1483
1486
1492
1503
1507
1511
1530
1536
1540
1541
1545
1551
1554
1558
1566
1571
1578
1583
1584
1592
1603
1609
1618
1639
1645
1662
1675
1676
1680
1685
1687
1692
1695
1704
1707
1722
1738
1745
1751
1754
1777
1778
1786
1798
1800
1820
1825
1832
1833
1836
1837
1847
1851
1855
1860
1867
1871
1872
1889
1898
1899
1912
1917
1921
1929
1938
1952
1959
1963
1965
1976
1979
1985
1999
2004
2009
2017
2022
2024
2027
2037
2038
2043
2048
2070
2075
2078
2093
2102
2116
2155
2176
2190
2203
2208
2215
2234
2241
2261
2271
2282
2283
2288
2304
2317
2318
2327
2328
2332
2333
2334
2338
2361
2391
2397
2403
2413
2424
2441
2453
2465
2486
2492
2505
2533
2538
2550
2552
2578
2580
2586
2591
2594
2604
2610
2614
2624
2640
2681
2687
2693
2697
2719
2720
2750
2759
2775
2795
2801
2816
2822
2825
2828
2844
2847
2859
2875
2880
2915
2921
2925
2933
2944
2975
2978
2993
3015
3019
3023
3034
3040
3042
3051
3053
3057
3065
3075
3079
3098
3101
3136
3155
3160
3161
3163
3173
3174
3183
3185
3226
3235
3251
3261
3262
3291
3295
3300
3311
3322
3326
3327
3331
3332
3359
3373
3375
3381
3384
3390
3407
3416
3424
3438
3442
3466
3481
3485
3486
3488
3499
3503
3509
3513
3521
3532
3535
3548
3550
3554
3556
3557
3580
3614
3620
3639
3656
3669
3675
3684
3724
3751
3769
3780
3783
3785
3787
3795
3808
3809
3814
3817
3835
3839
3863
3886
3888
3918
3923
3928
3937
3956
3957
3965
3979
3986
4001
4020
4028
4032
4048
4061
4094
4103
4107
4135
4137
4139
4141
4152
4153
4168
4170
4177
4186
4192
4206
4207
4218
4220
4227
4236
4243
4248
4260
4276
4288
4329
4335
4344
4346
4347
4349
4350
4355
4358
4363
4377
4379
4382
4410
4412
4460
4461
4474
4496
4512
4515
4524
4525
4543
4552
4556
4559
4588
4598
4642
4643
4675
4678
4686
4712
4715
4740
4746
4759
4765
4784
4786
4811
4816
4820
4830
4834
4841
4848
4849
4853
4854
4896
4899
4911
4937
4940
4944
4946
4960
4961
4962
4964
4989
4994
5002
5005
5011
5012
5013
5032
5035
5046
5051
5070
5087
5093
5094
5096
5103
5113
5125
5131
5133
5139
5149
5158
5164
5170
5181
5196
5204
5213
5234
5254
5271
5279
5284
5287
5291
5295
5300
5314
5315
5318
5325
5333
5341
5344
5382
5383
5386
5398
5405
5417
5423
5436
5440
5452
5462
5476
5488
5518
5519
5562
5574
5587
5588
5594
5597
5598
5608
5615
5634
5642
5645
5705
5710
5723
5734
5741
5746
5747
5749
5756
5786
5805
5812
5817
5826
5840
5846
5862
5875
5899
5900
5909
5911
5922
5924
5925
5947
5951
5954
5956
5957
5968
5970
5980
5984
5999
6005
6013
6016
6033
6043
6044
6045
6060
6065
6069
6076
6082
6086
6094
6109
6120
6127
6128
6135
6138
6141
6143
6148
6154
6170
6189
6196
6199
6217
6218
6236
6242
6244
6250
6269
6283
6295
6300
6301
6326
6348
6371
6376
6385
6386
6398
6412
6413
6431
6463
6469
6479
6497
6503
6505
6512
6519
6544
6545
6549
6560
6572
6580
6583
6596
6598
6600
6618
6629
6648
6654
6657
6662
6674
6678
6685
6695
6709
6719
6720
6737
6738
6744
6747
6767
6769
6771
6778
6800
6801
6803
6813
6826
6849
6880
6899
6947
6951
6960
6962
6974
6977
6979
6985
7025
7027
7038
7050
7057
7062
7064
7080
7100
7120
7127
7139
7157
7161
7178
7198
7225
7232
7240
7248
7256
7270
7277
7290
7300
7302
7317
7319
7326
7332
7341
7344
7347
7359
7385
7400
7408
7411
7414
7430
7432
7456
7468
7499
7515
7518
7529
7536
7537
7548
7567
7610
7613
7624
7636
7657
7663
7708
7720
7724
7728
7743
7750
7757
7790
7792
7799
7813
7815
7820
7826
7832
7837
7853
7868
7876
7877
7893
7904
7914
7917
7940
7941
7948
7951
8028
8031
8038
8061
8093
8102
8103
8114
8150
8182
8200
8207
8217
8230
8237
8242
8258
8278
8297
8317
8318
8319
8324
8332
8333
8346
8354
8382
8384
8386
8413
8457
8464
8471
8488
8490
8500
8501
8519
8528
8534
8537
8558
8560
8564
8583
8589
8619
8621
8624
8661
8662
8673
8695
8699
8708
8710
8725
8738
8743
8754
8756
8771
8788
8792
8801
8803
8807
8820
8822
8827
8833
8862
8888
8909
8914
8937
8965
8967
8968
8969
8974
8980
8986
8989
8991
9007
9050
9055
9077
9086
9089
9090
9092
9099
9122
9138
9147
9150
9157
9163
9171
9172
9173
9175
9190
9193
9194
9206
9228
9251
9275
9303
9305
9317
9327
9344
9351
9355
9379
9406
9412
9423
9435
9441
9444
9469
9475
9491
9497
9518
9519
9522
9534
9548
9577
9598
9605
9611
9612
9613
9619
9623
9625
9627
9631
9632
9642
9652
9665
9671
9674
9686
9690
9700
9707
9708
9716
9733
9740
9758
9760
9769
9778
9779
9781
9782
9785
9790
9796
9805
9823
9829
9839
9855
9865
9868
9869
9905
9907
9929
9941
9942
9947
9951
9953
9954
9959
9975
9980
9996
10000
10005
10024
10025
10026
10037
10071
10087
10089
10094
10097
10098
10101
10106
10108
10120
10132
10152
10156
10161
10167
10173
10190
10191
10192
10202
10230
10236
10251
10255
10257
10274
10290
10294
10307
10310
10321
10333
10347
10348
10355
10359
10362
10368
10392
10406
10410
10428
10437
10444
10455
10469
10471
10472
10492
10506
10513
10518
10521
10523
10527
10529
10532
10534
10542
10550
10566
10567
10585
10598
10607
10608
10609
10617
10619
10626
10645
10668
10669
10677
10678
10704
10710
10719
10746
10749
10753
10780
10787
10789
10798
10829
10832
10840
10865
10899
10912
10916
10925
10927
10928
10934
10945
10950
10951
10954
10973
10979
10985
10988
11001
11028
11046
11052
11081
11084
11090
11094
11095
11102
11117
11123
11132
11133
11141
11152
11160
11163
11169
11174
11178
11196
11202
11208
11209
11214
11217
11221
11252
11268
11284
11296
11298
11314
11324
11339
11343
11344
11360
11375
11388
11391
11397
11410
11412
11416
11419
11424
11432
11433
11439
11441
11445
11474
11492
11496
11497
11503
11507
11539
11547
11561
11575
11577
11585
11611
11617
11634
11637
11646
11648
11652
11661
11692
11696
11698
11710
11741
11756
11763
11775
11781
11795
11799
11818
11832
11833
11853
11856
11857
11867
11871
11872
11896
11908
11922
11927
11943
11947
11948
11982
11990
11993
12005
12016
12040
12041
12051
12059
12063
12081
12098
12105
12106
12117
12119
12132
12137
12149
12150
12181
12185
12199
12207
12209
12210
12212
12244
12258
12277
12285
12291
12302
12343
12373
12380
12410
12422
12427
12436
12454
12471
12476
12481
12485
12486
12497
12502
12533
12580
12592
12605
12612
12623
12645
12646
12651
12660
12685
12690
12699
12701
12702
12704
12717
12755
12757
12762
12774
12779
12790
12796
12797
12808
12813
12822
12850
12873
12884
12888
12933
12950
12961
12964
12977
12980
12981
12988
12994
12997
13006
13012
13022
13028
13067
13068
13081
13092
13130
13137
13146
13153
13161
13163
13190
13193
13212
13215
13225
13226
13240
13252
13267
13296
13319
13320
13344
13375
13398
13400
13406
13417
13424
13491
13502
13524
13528
13539
13543
13547
13552
13556
13581
13582
13591
13598
13610
13620
13635
13682
13691
13693
13702
13725
13732
13735
13750
13758
13764
13778
13790
13795
13802
13815
13837
13893
13898
13901
13915
13921
13922
13926
13940
13960
13961
13964
13979
13985
14016
14026
14034
14056
14081
14085
14087
14099
14104
14106
14111
14118
14122
14126
14166
14183
14184
14196
14211
14215
14222
14223
14262
14269
14271
14286
14291
14295
14304
14305
14308
14310
14317
14318
14339
14346
14349
14351
14354
14361
14365
14367
14371
14374
14376
14377
14392
14395
14409
14439
14446
14458
14466
14468
14526
14527
14540
14546
14547
14556
14560
14574
14583
14587
14590
14597
14613
14617
14628
14642
14649
14654
14661
14670
14671
14673
14677
14689
14696
14702
14708
14719
14743
14747
14748
14750
14788
14793
14805
14810
14814
14816
14845
14854
14880
14883
14900
14905
14908
14923
14927
14929
14939
14945
14963
14986
14991
15017
15033
15040
15054
15063
15092
15104
15113
15121
15151
15155
15158
15175
15185
15189
15191
15199
15205
15212
15215
15234
15251
15252
15280
15282
15295
15326
15330
15337
15338
15351
15354
15360
15367
15374
15395
15432
15446
15454
15474
15495
15504
15505
15514
15522
15529
15541
15553
15557
15607
15619
15634
15649
15665
15675
15676
15681
15685
15689
15702
15703
15706
15719
15720
15727
15731
15732
15756
15758
15781
15802
15821
15833
15845
15848
15856
15858
15862
15865
15871
15880
15883
15889
15896
15912
15926
15927
15931
15935
15942
15945
15947
15956
15963
15967
15994
16005
16006
16035
16037
16046
16053
16057
16067
16088
16098
16099
16108
16129
16132
16133
16138
16143
16161
16166
16177
16181
16184
16223
16231
16235
16249
16262
16280
16308
16339
16353
16391
16406
16415
16425
16429
16434
16446
16447
16484
16486
16487
16491
16509
16514
16515
16523
16540
16554
16559
16561
16565
16575
16582
16594
16601
16609
16610
16640
16646
16665
16669
16685
16691
16692
16712
16717
16731
16736
16749
16769
16791
16805
16809
16835
16838
16856
16895
16901
16943
16946
16948
16963
16971
16973
16985
16998
17006
17015
17023
17039
17042
17048
17050
17055
17071
17089
17109
17122
17133
17138
17140
17145
17161
17184
17189
17212
17219
17222
17229
17236
17238
17240
17244
17290
17294
17300
17309
17313
17318
17323
17328
17347
17350
17358
17369
17371
17387
17396
17402
17406
17413
17431
17439
17447
17450
17456
17462
17464
17492
17497
17503
17520
17527
17537
17548
17558
17569
17572
17574
17580
17590
17602
17619
17622
17632
17634
17673
17695
17707
17716
17740
17743
17751
17769
17785
17791
17793
17806
17828
17831
17861
17864
17873
17881
17882
17884
17891
17918
17919
17922
17936
17946
17948
17949
17959
17972
17979
17981
18027
18045
18067
18071
18073
18120
18128
18140
18143
18156
18167
18188
18189
18190
18191
18194
18202
18212
18216
18227
18235
18237
18239
18257
18291
18314
18324
18335
18360
18363
18369
18370
18372
18389
18436
18439
18441
18455
18462
18505
18512
18544
18558
18566
18572
18596
18601
18605
18606
18625
18635
18637
18667
18685
18697
18701
18722
18727
18730
18732
18747
18751
18775
18789
18796
18800
18805
18807
18815
18816
18825
18834
18841
18853
18872
18879
18901
18905
18915
18919
18924
18928
18941
18978
18984
18988
18989
18999
19026
19032
19035
19048
19053
19057
19078
19080
19088
19096
19112
19131
19141
19142
19147
19152
19154
19173
19180
19202
19213
19228
19230
19239
19242
19245
19249
19262
19263
19276
19299
19309
19325
19330
19353
19369
19393
19410
19426
19436
19437
19449
19463
19474
19480
19482
19504
19512
19524
19533
19567
19576
19577
19587
19595
19598
19602
19606
19618
19621
19651
19658
19665
19679
19681
19685
19687
19691
19692
19698
19702
19707
19715
19731
19734
19748
19751
19767
19778
19780
19790
19800
19825
19829
19839
19841
19860
19862
19878
19887
19892
19899
19903
19908
19911
19913
19920
19923
19933
19942
19944
19957
19965
19979
19984
19994
19999
20001
20009
20025
20026
20028
20038
20045
20046
20071
20076
20102
20109
20111
20132
20140
20145
20152
20153
20164
20170
20187
20192
20247
20254
20256
20257
20272
20309
20314
20323
20326
20333
20337
20360
20363
20364
20366
20391
20398
20403
20422
20428
20433
20438
20441
20454
20462
20463
20484
20486
20498
20499
20503
20516
20519
20522
20539
20540
20551
20565
20591
20593
20599
20615
20636
20641
20649
20650
20667
20673
20674
20679
20697
20699
20706
20707
20709
20721
20732
20739
20750
20763
20769
20772
20784
20804
20812
20828
20854
20863
20882
20884
20886
20893
20905
20907
20910
20915
20930
20955
20956
20965
20977
21022
21027
21029
21049
21105
21106
21109
21120
21127
21135
21138
21159
21160
21174
21192
21199
21202
21205
21222
21224
21233
21271
21272
21286
21310
21313
21324
21340
21341
21345
21362
21383
21386
21390
21391
21393
21409
21415
21419
21426
21434
21436
21454
21474
21476
21481
21513
21531
21534
21543
21544
21549
21557
21572
21575
21581
21588
21619
21622
21626
21635
21640
21648
21656
21664
21665
21673
21679
21699
21703
21704
21715
21737
21744
21750
21752
21765
21770
21775
21784
21789
21824
21843
21854
21855
21868
21869
21900
21912
21918
21920
21942
21947
21948
21959
21961
21964
21969
21980
22007
22009
22019
22043
22082
22096
22101
22123
22138
22140
22150
22177
22181
22188
22190
22195
22202
22204
22236
22263
22265
22271
22276
22280
22281
22282
22298
22308
22310
22313
22318
22343
22349
22387
22392
22421
22433
22440
22449
22461
22478
22484
22495
22501
22508
22512
22513
22516
22524
22548
22555
22566
22583
22588
22601
22620
22626
22629
22631
22635
22639
22642
22653
22669
22681
22686
22687
22718
22721
22733
22749
22769
22778
22827
22838
22839
22844
22845
22851
22855
22856
22857
22858
22870
22879
22883
22888
22893
22895
22902
22919
22921
22925
22928
22929
22959
22963
22971
22977
23017
23027
23029
23030
23032
23044
23047
23050
23054
23059
23065
23079
23093
23100
23117
23132
23135
23137
23139
23145
23168
23173
23215
23250
23257
23269
23280
23297
23312
23317
23321
23322
23337
23342
23364
23366
23371
23373
23378
23381
23389
23396
23412
23413
23423
23424
23431
23440
23442
23446
23448
23450
23464
23466
23471
23481
23488
23493
23523
23536
23543
23554
23555
23558
23569
23570
23576
23585
23586
23589
23603
23606
23647
23674
23686
23688
23690
23694
23695
23701
23703
23709
23720
23723
23763
23770
23771
23773
23774
23785
23796
23804
23811
23823
23826
23829
23847
23867
23873
23880
23902
23905
23916
23917
23920
23935
23937
23951
23964
23969
23981
24002
24003
24022
24030
24053
24069
24100
24101
24102
24104
24108
24115
24117
24120
24127
24143
24162
24164
24179
24196
24200
24205
24207
24209
24210
24217
24220
24228
24247
24262
24264
24271
24297
24304
24321
24329
24341
24354
24357
24366
24370
24385
24387
24388
24397
24410
24411
24420
24421
24440
24443
24464
24473
24485
24501
24507
24518
24527
24533
24540
24541
24573
24577
24578
24583
24598
24629
24630
24634
24659
24669
24671
24672
24682
24706
24707
24717
24743
24746
24747
24757
24781
24783
24786
24807
24835
24841
24845
24847
24862
24873
24914
24919
24929
24937
24941
24965
24967
24971
24979
25029
25034
25046
25052
25053
25077
25087
25118
25121
25133
25136
25140
25145
25154
25170
25175
25188
25200
25242
25243
25244
25254
25277
25310
25328
25332
25340
25350
25351
25373
25391
25403
25406
25412
25447
25461
25473
25480
25499
25501
25509
25523
25524
25525
25527
25530
25535
25544
25554
25556
25562
25564
25577
25580
25589
25600
25605
25625
25635
25644
25654
25655
25659
25675
25677
25678
25687
25699
25705
25706
25710
25722
25727
25741
25747
25764
25779
25798
25806
25808
25825
25832
25835
25840
25852
25855
25865
25872
25877
25888
25901
25905
25926
25942
25944
25945
25953
25956
25958
26003
26007
26025
26034
26055
26060
26068
26089
26090
26104
26109
26110
26114
26133
26134
26135
26136
26140
26141
26146
26151
26155
26168
26180
26181
26206
26207
26225
26226
26274
26275
26284
26293
26296
26297
26320
26327
26336
26358
26366
26372
26375
26429
26430
26432
26434
26444
26445
26446
26450
26452
26456
26460
26489
26492
26517
26522
26545
26571
26602
26621
26632
26633
26640
26647
26654
26655
26683
26685
26692
26704
26717
26738
26746
26748
26765
26771
26774
26785
26791
26796
26798
26799
26802
26814
26816
26821
26828
26865
26871
26874
26898
26905
26926
26931
26967
26975
26989
26992
27000
27004
27006
27033
27034
27074
27086
27107
27110
27111
27116
27120
27124
27146
27152
27153
27154
27173
27178
27199
27202
27204
27208
27213
27270
27295
27297
27300
27314
27319
27323
27329
27330
27334
27346
27369
27378
27379
27380
27383
27395
27404
27408
27454
27460
27489
27502
27506
27513
27514
27517
27527
27552
27556
27598
27604
27605
27606
27619
27622
27630
27639
27643
27650
27651
27654
27655
27657
27661
27672
27679
27727
27729
27734
27743
27760
27772
27774
27777
27825
27826
27832
27840
27844
27852
27853
27875
27879
27884
27889
27908
27930
27940
27945
27951
27960
27962
28008
28011
28013
28019
28020
28026
28030
28036
28039
28047
28056
28057
28090
28093
28168
28172
28173
28205
28207
28214
28223
28267
28297
28319
28320
28323
28336
28342
28361
28362
28364
28366
28375
28377
28381
28384
28389
28420
28425
28439
28442
28462
28469
28474
28485
28493
28496
28499
28505
28506
28508
28509
28523
28531
28546
28552
28554
28560
28576
28580
28582
28592
28618
28627
28666
28674
28683
28695
28701
28705
28707
28709
28723
28728
28734
28755
28756
28768
28770
28774
28776
28777
28805
28818
28829
28841
28863
28873
28883
28885
28899
28911
28919
28929
28933
28938
28940
28945
28947
28950
28954
28956
28989
28995
28996
29028
29029
29038
29049
29058
29059
29062
29066
29083
29084
29087
29106
29112
29129
29137
29142
29153
29180
29186
29192
29202
29207
29208
29242
29244
29245
29261
29272
29275
29277
29287
29294
29314
29325
29326
29332
29342
29343
29349
29354
29375
29391
29400
29408
29410
29412
29414
29421
29424
29431
29432
29447
29462
29467
29468
29489
29494
29497
29500
29508
29515
29531
29550
29581
29584
29594
29617
29635
29638
29640
29650
29657
29661
29663
29677
29679
29697
29723
29749
29757
29762
29781
29796
29824
29831
29835
29843
29855
29860
29862
29875
29881
29899
29922
29929
29937
29947
29950
29960
29966
29972
29975
29980
29982
29986
29995
29999
30014
30033
30045
30049
30051
30077
30091
30100
30111
30117
30133
30144
30148
30151
30152
30159
30169
30179
30184
30200
30210
30218
30230
30241
30256
30259
30263
30265
30279
30288
30292
30296
30304
30311
30318
30334
30351
30358
30363
30376
30378
30387
30415
30427
30440
30452
30467
30477
30481
30487
30524
30530
30539
30550
30557
30559
30563
30585
30604
30613
30615
30621
30626
30668
30678
30681
30686
30692
30702
30722
30736
30741
30742
30749
30767
30771
30772
30780
30784
30790
30819
30829
30832
30849
30853
30859
30860
30867
30870
30872
30878
30883
30884
30894
30905
30910
30911
30919
30921
30923
30934
30938
30951
30971
30976
30977
31034
31037
31050
31069
31070
31075
31083
31085
31106
31116
31119
31132
31146
31199
31237
31238
31242
31250
31251
31253
31282
31288
31293
31309
31313
31349
31358
31362
31366
31376
31381
31402
31411
31444
31456
31459
31472
31473
31481
31483
31486
31515
31517
31536
31541
31542
31553
31566
31575
31579
31609
31619
31625
31642
31649
31663
31674
31684
31693
31699
31738
31739
31742
31753
31758
31768
31769
31778
31782
31790
31792
31796
31797
31823
31837
31858
31863
31877
31882
31889
31921
31935
31936
31944
31949
31968
31975
32015
32020
32029
32033
32041
32048
32056
32069
32070
32092
32108
32123
32127
32136
32159
32168
32200
32212
32230
32238
32245
32251
32253
32258
32271
32282
32287
32304
32329
32340
32341
32349
32350
32361
32362
32382
32384
32390
32391
32392
32394
32418
32420
32429
32449
32455
32457
32463
32466
32491
32511
32516
32550
32554
32561
32564
32578
32589
32593
32594
32596
32606
32638
32640
32646
32678
32681
32683
32702
32705
32713
32716
32717
32736
32738
32746
32747
32759
32765
32780
32790
32793
32813
32819
32833
32849
32854
32863
32878
32885
32887
32889
32890
32895
32901
32904
32932
32936
32940
32947
32958
32960
32965
32978
33016
33020
33029
33048
33050
33071
33083
33092
33106
33123
33151
33159
33163
33177
33196
33219
33237
33239
33253
33257
33258
33261
33264
33265
33268
33290
33308
33311
33312
33317
33341
33346
33347
33355
33360
33362
33371
33386
33392
33404
33410
33419
33425
33427
33438
33442
33450
33453
33462
33493
33506
33511
33533
33537
33540
33542
33544
33569
33570
33575
33578
33585
33594
33603
33606
33613
33617
33634
33636
33651
33661
33680
33688
33691
33695
33703
33707
33719
33721
33729
33732
33738
33750
33753
33765
33766
33771
33773
33777
33781
33789
33803
33806
33818
33853
33860
33863
33866
33868
33890
33891
33894
33907
33911
33916
33923
33929
33932
33935
33944
33972
34006
34010
34011
34012
34013
34018
34028
34053
34057
34059
34067
34071
34086
34099
34103
34105
34117
34133
34137
34167
34172
34177
34199
34201
34206
34224
34227
34232
34242
34245
34247
34259
34264
34265
34290
34297
34299
34305
34317
34320
34324
34355
34356
34359
34367
34382
34384
34385
34403
34414
34422
34442
34445
34446
34468
34479
34520
34529
34542
34549
34553
34554
34557
34558
34570
34578
34585
34589
34597
34599
34617
34623
34674
34682
34686
34696
34703
34705
34709
34716
34771
34785
34807
34815
34847
34851
34860
34877
34878
34888
34893
34901
34907
34929
34944
34945
34947
34949
34961
34966
34967
34990
35003
35008
35016
35029
35038
35062
35068
35071
35076
35077
35081
35101
35127
35134
35152
35187
35193
35199
35203
35207
35214
35217
35224
35242
35247
35249
35261
35269
35271
35275
35284
35316
35318
35326
35333
35334
35346
35357
35359
35366
35389
35402
35403
35425
35427
35437
35445
35461
35465
35479
35483
35504
35506
35518
35525
35551
35573
35577
35604
35613
35620
35623
35628
35637
35640
35660
35665
35668
35670
35680
35682
35690
35699
35709
35721
35729
35736
35745
35749
35761
35762
35769
35770
35802
35811
35817
35833
35853
35861
35878
35914
35915
35916
35921
35925
35947
35957
35958
35971
35976
35982
35987
36002
36010
36022
36046
36047
36052
36061
36065
36066
36099
36100
36103
36106
36118
36128
36131
36136
36157
36159
36166
36169
36175
36178
36185
36201
36228
36230
36238
36248
36271
36275
36286
36295
36301
36302
36308
36310
36324
36340
36341
36343
36361
36362
36364
36369
36371
36372
36386
36389
36392
36393
36397
36405
36412
36420
36421
36431
36439
36501
36513
36517
36522
36534
36550
36557
36603
36609
36622
36625
36648
36656
36682
36693
36723
36725
36733
36738
36741
36752
36758
36764
36775
36776
36788
36794
36796
36811
36842
36843
36848
36849
36857
36866
36900
36918
36932
36936
36939
36949
36950
36971
36974
36979
36994
37007
37009
37011
37014
37036
37055
37064
37073
37082
37099
37100
37102
37129
37136
37144
37165
37211
37213
37214
37268
37269
37270
37280
37299
37383
37386
37401
37405
37428
37434
37446
37449
37453
37457
37468
37479
37494
37497
37507
37513
37534
37546
37557
37561
37567
37624
37643
37644
37678
37681
37687
37692
37729
37736
37764
37766
37776
37788
37792
37811
37817
37826
37830
37836
37847
37848
37849
37854
37901
37902
37904
37906
37916
37921
37936
37937
37968
37970
37980
37983
37996
38020
38035
38041
38048
38052
38057
38066
38076
38090
38093
38097
38126
38128
38147
38150
38157
38162
38188
38203
38208
38211
38241
38247
38249
38273
38281
38283
38286
38294
38335
38347
38381
38382
38386
38391
38399
38425
38452
38457
38463
38465
38466
38471
38475
38476
38480
38487
38497
38508
38509
38519
38520
38527
38541
38545
38554
38560
38577
38584
38591
38594
38604
38605
38622
38662
38663
38664
38679
38702
38707
38719
38735
38748
38750
38760
38773
38780
38794
38798
38816
38818
38862
38874
38903
38909
38924
38934
38936
38945
38947
38969
38977
38987
39002
39007
39009
39023
39033
39045
39050
39057
39058
39063
39070
39094
39096
39107
39109
39117
39121
39127
39131
39132
39135
39169
39170
39171
39172
39186
39190
39200
39206
39211
39223
39228
39231
39237
39240
39241
39243
39247
39252
39259
39260
39261
39270
39289
39297
39298
39328
39334
39346
39361
39375
39376
39384
39388
39389
39390
39394
39402
39406
39415
39419
39434
39442
39448
39453
39467
39485
39490
39496
39517
39527
39531
39538
39560
39573
39576
39579
39585
39586
39594
39600
39601
39605
39607
39609
39611
39627
39662
39665
39674
39683
39691
39702
39704
39720
39726
39730
39751
39755
39759
39773
39783
39789
39796
39806
39808
39813
39814
39822
39847
39868
39870
39877
39879
39897
39906
39916
39923
39931
39936
39938
39941
39957
39965
39966
39969
39984
40023
40030
40032
40060
40063
40075
40079
40092
40093
40097
40106
40110
40115
40137
40139
40141
40155
40160
40161
40164
40169
40171
40173
40176
40182
40185
40192
40201
40210
40211
40214
40233
40234
40236
40252
40253
40272
40286
40289
40293
40300
40306
40315
40329
40344
40366
40374
40383
40396
40402
40404
40410
40433
40443
40446
40455
40461
40465
40471
40510
40519
40520
40543
40544
40579
40582
40587
40590
40595
40596
40607
40618
40638
40659
40672
40676
40702
40710
40711
40717
40722
40734
40770
40781
40783
40785
40789
40806
40825
40830
40844
40852
40855
40884
40886
40914
40919
40928
40936
40941
40943
40957
40963
40988
40998
40999
41007
41022
41026
41030
41049
41051
41057
41064
41076
41113
41131
41146
41158
41165
41168
41169
41189
41201
41211
41218
41235
41237
41239
41243
41252
41257
41258
41286
41313
41325
41326
41379
41383
41401
41404
41407
41432
41436
41452
41453
41458
41467
41473
41476
41488
41493
41511
41513
41516
41550
41553
41569
41581
41602
41618
41619
41642
41646
41655
41657
41658
41673
41680
41690
41708
41716
41731
41734
41741
41767
41804
41808
41811
41814
41816
41821
41832
41840
41843
41846
41848
41870
41877
41891
41898
41900
41936
41947
41959
41963
41973
41984
41987
41997
42013
42020
42023
42040
42045
42052
42059
42061
42063
42072
42074
42077
42085
42088
42105
42121
42124
42125
42149
42164
42182
42189
42199
42201
42215
42216
42223
42229
42251
42264
42272
42299
42330
42334
42350
42354
42366
42374
42382
42389
42399
42401
42417
42429
42435
42444
42445
42453
42472
42483
42484
42492
42505
42506
42518
42554
42557
42559
42582
42587
42588
42590
42605
42624
42632
42641
42679
42680
42685
42688
42713
42715
42718
42723
42726
42742
42759
42783
42787
42789
42805
42815
42816
42834
42848
42900
42917
42920
42942
42958
42976
42981
42991
42999
43027
43050
43057
43058
43061
43064
43071
43079
43082
43097
43100
43108
43117
43126
43148
43150
43177
43179
43181
43188
43189
43213
43250
43256
43286
43291
43293
43294
43295
43303
43306
43308
43350
43361
43376
43379
43417
43420
43434
43442
43454
43496
43499
43542
43546
43548
43554
43583
43584
43588
43595
43596
43597
43605
43608
43620
43621
43644
43648
43674
43681
43682
43689
43710
43724
43725
43729
43744
43750
43755
43759
43763
43770
43771
43774
43783
43810
43824
43832
43852
43868
43881
43897
43900
43928
43930
43939
43941
43951
43956
43970
43983
43986
44002
44005
44009
44044
44052
44058
44061
44062
44065
44072
44074
44077
44085
44086
44092
44103
44115
44123
44149
44185
44186
44193
44195
44215
44225
44226
44229
44238
44251
44276
44283
44287
44296
44315
44320
44341
44359
44371
44374
44375
44388
44390
44414
44437
44445
44467
44473
44484
44498
44505
44557
44578
44596
44603
44610
44616
44637
44638
44643
44653
44664
44673
44714
44731
44750
44765
44767
44783
44796
44812
44819
44823
44834
44839
44840
44881
44893
44917
44925
44942
44950
44967
44981
44992
45007
45019
45033
45034
45038
45043
45049
45057
45077
45081
45090
45097
45100
45102
45117
45126
45129
45157
45159
45164
45180
45186
45225
45241
45249
45257
45261
45281
45287
45292
45298
45303
45315
45316
45332
45349
45355
45388
45391
45400
45404
45449
45455
45468
45471
45477
45479
45483
45535
45542
45544
45545
45547
45553
45557
45563
45567
45578
45587
45610
45615
45626
45641
45647
45651
45652
45670
45679
45694
45707
45711
45719
45723
45728
45735
45746
45761
45771
45795
45803
45809
45815
45821
45840
45848
45865
45869
45878
45887
45891
45896
45910
45922
45925
45933
45950
45964
45975
45992
45996
46000
46011
46021
46036
46043
46050
46059
46077
46092
46096
46116
46128
46138
46144
46149
46160
46173
46180
46197
46199
46225
46237
46242
46257
46258
46261
46275
46276
46296
46297
46301
46305
46319
46325
46327
46377
46384
46396
46403
46411
46412
46432
46450
46460
46471
46473
46484
46501
46505
46508
46526
46527
46534
46545
46561
46572
46590
46595
46630
46644
46652
46659
46665
46680
46682
46688
46695
46702
46706
46707
46711
46727
46735
46744
46762
46772
46793
46809
46810
46818
46822
46826
46834
46835
46847
46849
46856
46871
46874
46884
46888
46892
46897
46909
46910
46913
46936
46938
46940
46943
46946
46956
46966
46970
46982
46984
46989
46994
47002
47004
47021
47027
47036
47045
47052
47072
47085
47087
47090
47103
47119
47124
47128
47148
47151
47152
47167
47191
47211
47222
47223
47224
47231
47240
47241
47252
47257
47273
47275
47289
47292
47296
47310
47326
47327
47348
47352
47373
47378
47412
47417
47422
47423
47428
47436
47443
47444
47453
47454
47484
47492
47497
47500
47504
47506
47511
47512
47517
47521
47532
47534
47535
47537
47538
47555
47564
47576
47580
47584
47590
47593
47596
47605
47617
47622
47637
47655
47676
47718
47721
47726
47738
47740
47776
47781
47805
47812
47820
47843
47879
47886
47887
47896
47903
47915
47929
47947
47970
47978
47980
47990
48004
48007
48028
48050
48055
48060
48062
48081
48090
48096
48097
48105
48108
48112
48114
48115
48120
48129
48151
48174
48175
48190
48208
48216
48220
48227
48228
48231
48233
48234
48235
48241
48252
48289
48290
48299
48306
48312
48314
48320
48322
48324
48326
48334
48342
48353
48355
48357
48371
48373
48379
48394
48398
48400
48411
48412
48419
48427
48432
48450
48457
48469
48480
48493
48502
48506
48510
48518
48528
48562
48563
48574
48575
48586
48600
48605
48609
48621
48627
48652
48668
48669
48671
48684
48689
48691
48701
48703
48705
48718
48743
48750
48763
48783
48790
48797
48806
48810
48813
48821
48835
48844
48849
48853
48865
48889
48892
48911
48922
48930
48957
48980
48985
48988
48997
48999
49000
49001
49002
49003
49006
49010
49020
49034
49047
49053
49063
49084
49093
49101
49118
49157
49177
49178
49182
49189
49190
49202
49214
49218
49220
49224
49241
49243
49246
49247
49255
49257
49271
49275
49303
49305
49314
49350
49370
49376
49382
49406
49411
49416
49417
49443
49446
49455
49465
49484
49492
49493
49501
49503
49512
49520
49524
49542
49544
49554
49568
49582
49605
49609
49619
49624
49630
49665
49670
49697
49698
49701
49721
49728
49736
49744
49764
49768
49772
49773
49774
49789
49803
49809
49837
49841
49853
49866
49881
49914
49930
49943
49950
49953
49960
49965
49968
49975
49996
49997
50004
50016
50038
50039
50061
50078
50079
50090
50099
50109
50110
50115
50121
50133
50179
50188
50191
50192
50221
50233
50236
50239
50246
50247
50257
50261
50269
50272
50274
50280
50292
50297
50317
50330
50360
50363
50365
50369
50380
50381
50407
50419
50426
50431
50439
50449
50456
50471
50474
50477
50492
50499
50508
50509
50510
50515
50530
50542
50558
50566
50579
50599
50615
50616
50624
50628
50632
50635
50663
50664
50694
50707
50735
50742
50745
50758
50759
50772
50778
50781
50816
50818
50831
50842
50857
50860
50909
50917
50950
50954
50958
50960
50961
50964
50972
50974
50988
50999
51001
51013
51019
51024
51034
51039
51050
51054
51056
51058
51062
51075
51077
51088
51106
51108
51110
51116
51124
51128
51135
51139
51141
51143
51148
51154
51160
51201
51207
51225
51240
51263
51267
51296
51305
51308
51313
51329
51330
51338
51342
51352
51358
51363
51367
51383
51394
51396
51397
51408
51414
51416
51419
51436
51451
51465
51466
51467
51472
51477
51485
51494
51505
51508
51516
51520
51521
51534
51540
51542
51555
51568
51573
51595
51603
51609
51622
51625
51633
51646
51659
51676
51679
51688
51690
51698
51701
51702
51711
51713
51714
51736
51753
51765
51781
51806
51809
51812
51816
51841
51848
51849
51853
51888
51907
51909
51917
51943
51954
51985
51987
52007
52031
52045
52053
52054
52063
52064
52069
52074
52085
52090
52095
52101
52109
52128
52138
52140
52141
52145
52158
52169
52174
52182
52192
52194
52208
52217
52231
52242
52246
52273
52298
52305
52308
52310
52311
52320
52321
52334
52341
52359
52361
52371
52381
52393
52398
52403
52441
52443
52445
52454
52460
52475
52506
52510
52520
52522
52532
52534
52542
52553
52569
52579
52580
52595
52599
52601
52616
52636
52639
52642
52665
52666
52668
52678
52692
52696
52727
52729
52733
52746
52763
52765
52767
52782
52792
52794
52806
52807
52816
52832
52863
52870
52891
52913
52924
52926
52930
52933
52941
52944
52967
52983
52987
52995
53001
53043
53048
53056
53070
53095
53100
53126
53133
53144
53152
53158
53161
53170
53182
53194
53233
53243
53249
53255
53307
53308
53310
53320
53339
53352
53363
53364
53366
53369
53389
53390
53399
53410
53416
53424
53439
53444
53446
53452
53479
53486
53495
53497
53501
53505
53565
53568
53578
53580
53584
53589
53598
53599
53609
53611
53620
53627
53633
53640
53655
53662
53673
53678
53689
53697
53709
53712
53722
53723
53725
53730
53733
53736
53738
53749
53751
53752
53767
53771
53775
53780
53839
53877
53878
53884
53885
53887
53902
53952
53961
53975
53988
53990
54008
54018
54031
54032
54037
54049
54051
54055
54062
54063
54071
54072
54075
54084
54088
54089
54100
54101
54107
54112
54118
54137
54153
54159
54163
54170
54173
54180
54201
54216
54219
54227
54244
54246
54261
54278
54287
54297
54303
54309
54335
54347
54349
54352
54366
54405
54406
54415
54416
54419
54420
54432
54466
54473
54477
54478
54484
54504
54514
54528
54541
54557
54559
54563
54565
54566
54574
54576
54582
54586
54589
54592
54606
54620
54641
54647
54676
54687
54690
54696
54701
54714
54723
54724
54729
54739
54778
54781
54801
54808
54812
54813
54818
54819
54837
54848
54864
54873
54897
54902
54903
54905
54907
54917
54918
54919
54926
54927
54931
54945
54948
54959
54966
54967
54968
54980
54981
54983
54992
55009
55014
55019
55031
55056
55096
55101
55104
55110
55112
55114
55134
55138
55146
55157
55172
55194
55200
55220
55234
55235
55247
55248
55255
55266
55269
55309
55329
55347
55350
55352
55359
55367
55370
55379
55384
55390
55406
55410
55426
55428
55429
55436
55457
55462
55474
55482
55490
55493
55496
55501
55540
55543
55545
55553
55555
55565
55568
55589
55595
55613
55616
55632
55635
55638
55647
55656
55657
55670
55672
55673
55692
55694
55696
55704
55712
55724
55725
55733
55753
55786
55807
55829
55861
55862
55864
55876
55878
55889
55900
55924
55933
55954
55969
55984
56036
56044
56047
56060
56065
56066
56067
56098
56114
56121
56127
56133
56149
56152
56153
56175
56189
56202
56220
56221
56227
56236
56267
56269
56282
56305
56315
56318
56323
56324
56327
56335
56338
56359
56366
56370
56378
56397
56399
56412
56438
56443
56448
56450
56464
56473
56479
56497
56508
56530
56544
56600
56601
56620
56637
56639
56659
56663
56678
56680
56698
56701
56713
56725
56728
56732
56758
56765
56770
56783
56820
56828
56843
56847
56870
56880
56882
56911
56919
56935
56943
56955
56959
56965
56967
56972
56990
56995
57003
57039
57054
57089
57090
57096
57100
57115
57122
57136
57156
57181
57186
57203
57219
57221
57242
57258
57279
57299
57313
57341
57364
57374
57388
57403
57415
57418
57445
57463
57466
57471
57473
57492
57507
57510
57519
57521
57532
57534
57542
57560
57577
57580
57583
57587
57593
57597
57606
57614
57619
57621
57626
57635
57638
57661
57664
57669
57671
57686
57693
57696
57704
57719
57747
57749
57771
57779
57780
57783
57823
57835
57876
57886
57887
57897
57903
57909
57921
57931
57948
57958
57975
57985
58018
58033
58034
58039
58047
58057
58063
58070
58076
58093
58097
58099
58113
58116
58125
58126
58130
58131
58136
58185
58189
58202
58215
58232
58239
58244
58262
58266
58267
58285
58293
58298
58307
58313
58314
58319
58323
58349
58358
58359
58364
58368
58378
58386
58411
58412
58413
58416
58429
58434
58444
58447
58449
58472
58477
58481
58488
58499
58549
58554
58564
58571
58573
58579
58586
58599
58605
58617
58619
58629
58637
58666
58668
58691
58708
58712
58715
58722
58727
58730
58740
58752
58772
58773
58794
58808
58820
58826
58830
58846
58850
58852
58854
58856
58880
58908
58927
58932
58947
58950
58957
58961
58991
58994
59013
59025
59032
59035
59039
59048
59055
59067
59074
59085
59111
59122
59123
59125
59132
59142
59151
59158
59160
59162
59164
59168
59181
59184
59186
59191
59202
59204
59223
59245
59251
59267
59272
59276
59281
59283
59284
59295
59296
59322
59341
59348
59377
59396
59397
59400
59405
59452
59453
59456
59464
59474
59481
59483
59509
59535
59546
59551
59554
59571
59576
59579
59585
59588
59589
59606
59611
59612
59616
59622
59623
59625
59629
59630
59634
59641
59646
59649
59658
59678
59679
59689
59698
59705
59713
59736
59751
59795
59804
59824
59825
59828
59829
59835
59842
59843
59884
59894
59895
59899
59939
59945
59961
59972
59978
59996
59997
59998
60001
60003
60026
60028
60033
60044
60054
60056
60063
60074
60079
60080
60084
60085
60092
60102
60136
60144
60145
60161
60175
60188
60196
60198
60199
60208
60219
60236
60238
60239
60253
60265
60293
60317
60325
60328
60332
60349
60355
60362
60366
60368
60371
60379
60383
60392
60393
60398
60420
60440
60443
60449
60486
60495
60519
60520
60522
60523
60539
60549
60558
60567
60569
60573
60578
60597
60602
60632
60640
60641
60661
60663
60672
60681
60686
60703
60715
60718
60729
60731
60765
60778
60799
60803
60805
60840
60857
60868
60872
60894
60910
60912
60919
60936
60937
60954
60957
60965
60969
60971
60992
60997
61004
61005
61014
61051
61053
61063
61066
61070
61072
61080
61095
61099
61104
61109
61121
61122
61127
61130
61143
61149
61159
61172
61194
61195
61196
61200
61202
61203
61205
61207
61210
61212
61251
61262
61270
61274
61280
61301
61308
61309
61320
61334
61349
61350
61377
61383
61384
61392
61414
61458
61472
61477
61487
61507
61509
61515
61524
61529
61552
61554
61574
61584
61585
61620
61623
61652
61662
61663
61665
61673
61679
61687
61693
61705
61716
61725
61726
61734
61754
61758
61782
61807
61811
61816
61817
61827
61836
61840
61850
61856
61861
61862
61870
61872
61873
61874
61912
61919
61921
61923
61943
61954
61957
61963
61969
61987
62067
62079
62118
62128
62129
62139
62147
62161
62167
62190
62198
62228
62234
62245
62251
62258
62273
62278
62294
62307
62311
62325
62347
62373
62381
62391
62400
62406
62413
62423
62431
62432
62446
62452
62453
62459
62480
62483
62486
62499
62511
62512
62516
62526
62530
62536
62543
62587
62601
62621
62626
62629
62634
62653
62656
62672
62679
62708
62714
62726
62735
62745
62756
62766
62768
62770
62794
62804
62817
62820
62822
62827
62833
62839
62845
62848
62863
62883
62893
62894
62901
62912
62928
62941
62942
62969
62977
63014
63018
63019
63020
63021
63025
63026
63029
63037
63041
63045
63048
63078
63083
63106
63110
63115
63123
63125
63126
63169
63170
63185
63187
63199
63215
63219
63234
63237
63243
63255
63262
63267
63270
63274
63304
63315
63318
63319
63343
63347
63349
63366
63386
63390
63395
63396
63412
63415
63417
63418
63433
63477
63478
63488
63494
63496
63497
63501
63508
63510
63513
63529
63531
63564
63575
63581
63588
63592
63597
63627
63654
63673
63675
63688
63703
63704
63724
63725
63726
63728
63754
63761
63781
63790
63804
63826
63839
63850
63855
63858
63865
63868
63894
63896
63902
63904
63911
63921
63933
63944
63950
63954
63963
63977
64010
64023
64024
64028
64031
64057
64060
64063
64068
64097
64100
64108
64129
64140
64142
64152
64153
64196
64199
64225
64239
64259
64265
64267
64276
64281
64289
64300
64301
64322
64324
64334
64338
64349
64360
64377
64384
64386
64393
64395
64396
64398
64401
64415
64427
64438
64441
64458
64465
64474
64483
64489
64535
64550
64552
64558
64559
64567
64569
64575
64581
64587
64599
64610
64612
64615
64619
64621
64635
64656
64701
64714
64728
64729
64759
64760
64761
64766
64774
64825
64844
64856
64860
64868
64895
64901
64902
64905
64906
64921
64934
64939
64951
64952
64966
64976
64999
65028
65046
65049
65082
65083
65087
65089
65094
65110
65126
65134
65139
65148
65149
65155
65174
65205
65223
65229
65237
65240
65247
65253
65259
65294
65299
65315
65322
65324
65326
65335
65349
65354
65376
65378
65386
65400
65405
65416
65427
65436
65447
65449
65464
65466
65471
65484
65487
65498
65500
65514
65521
65537
65540
65588
65598
65604
65608
65612
65620
65663
65680
65725
65739
65757
65763
65766
65776
65788
65795
65808
65814
65815
65816
65843
65844
65845
65855
65868
65876
65880
65882
65885
65888
65904
65920
65921
65927
65934
65937
65947
65973
65987
65992
65998
66002
66004
66005
66021
66033
66049
66059
66060
66062
66089
66091
66095
66118
66120
66123
66138
66145
66152
66154
66161
66171
66191
66194
66197
66224
66230
66268
66276
66284
66295
66321
66324
66335
66338
66362
66369
66374
66398
66406
66417
66418
66450
66469
66477
66480
66489
66503
66504
66514
66520
66532
66538
66542
66543
66545
66546
66581
66607
66618
66620
66659
66663
66678
66680
66683
66695
66697
66703
66709
66728
66733
66740
66741
66757
66760
66762
66767
66779
66794
66795
66801
66804
66822
66824
66829
66860
66867
66883
66893
66896
66921
66931
66959
66961
66983
66993
67000
67003
67013
67014
67030
67044
67046
67052
67063
67071
67074
67075
67093
67101
67107
67115
67124
67125
67148
67158
67170
67182
67190
67193
67197
67198
67199
67204
67207
67217
67227
67262
67293
67327
67340
67342
67350
67352
67365
67381
67386
67396
67405
67415
67422
67427
67435
67436
67469
67480
67486
67489
67492
67509
67519
67526
67531
67534
67566
67571
67573
67586
67588
67594
67616
67624
67629
67637
67639
67673
67682
67683
67690
67692
67700
67723
67724
67728
67729
67740
67744
67750
67751
67766
67789
67792
67800
67806
67827
67828
67829
67831
67845
67846
67847
67857
67881
67907
67936
67937
67944
67966
67986
68003
68013
68021
68042
68043
68044
68055
68068
68071
68091
68096
68103
68106
68123
68141
68169
68182
68187
68195
68211
68226
68229
68233
68247
68249
68257
68264
68270
68297
68301
68309
68322
68335
68345
68348
68351
68355
68383
68403
68420
68444
68451
68459
68499
68518
68528
68532
68534
68536
68553
68561
68571
68572
68573
68596
68605
68627
68633
68634
68646
68647
68648
68655
68661
68696
68704
68731
68739
68757
68760
68770
68776
68778
68823
68835
68861
68863
68867
68884
68892
68894
68900
68904
68912
68914
68928
68954
68959
68971
68984
69004
69005
69009
69010
69011
69019
69038
69040
69051
69052
69056
69058
69062
69081
69107
69111
69113
69134
69150
69156
69160
69161
69174
69180
69185
69197
69198
69216
69218
69232
69249
69262
69274
69281
69282
69296
69319
69324
69327
69328
69329
69331
69338
69340
69342
69348
69350
69357
69378
69385
69389
69390
69397
69403
69411
69435
69436
69442
69445
69448
69449
69451
69484
69503
69508
69542
69545
69555
69557
69578
69584
69595
69596
69606
69629
69652
69671
69676
69689
69691
69704
69707
69714
69715
69723
69738
69740
69748
69780
69789
69792
69800
69808
69816
69824
69825
69829
69832
69845
69846
69852
69858
69863
69866
69877
69878
69884
69894
69907
69909
69912
69916
69934
69940
69945
69946
69952
69965
69969
69982
69991
69998
70028
70036
70074
70080
70085
70091
70097
70103
70118
70119
70129
70166
70191
70203
70204
70208
70219
70229
70233
70235
70244
70256
70258
70259
70263
70269
70284
70325
70326
70333
70361
70365
70367
70371
70373
70426
70427
70428
70445
70467
70471
70472
70509
70510
70512
70515
70521
70526
70537
70538
70550
70557
70562
70566
70567
70571
70596
70604
70605
70613
70625
70632
70638
70640
70655
70662
70671
70680
70681
70721
70727
70731
70742
70751
70756
70762
70765
70774
70792
70799
70805
70808
70811
70813
70823
70828
70850
70852
70885
70892
70894
70898
70900
70902
70923
70929
70932
70937
70946
70960
70972
70974
70977
70990
70992
71013
71014
71016
71054
71058
71069
71076
71089
71102
71104
71123
71132
71137
71152
71159
71188
71194
71206
71232
71239
71249
71262
71268
71270
71286
71288
71293
71297
71298
71302
71305
71308
71315
71317
71321
71325
71340
71342
71346
71355
71367
71392
71411
71418
71435
71440
71448
71466
71501
71509
71528
71542
71568
71570
71573
71584
71605
71612
71624
71629
71632
71659
71679
71684
71701
71711
71719
71725
71728
71752
71753
71759
71761
71765
71776
71783
71797
71804
71805
71809
71811
71814
71818
71819
71833
71836
71842
71846
71847
71850
71862
71879
71882
71886
71893
71908
71940
71983
71995
72010
72019
72020
72021
72060
72064
72080
72087
72096
72100
72114
72119
72124
72130
72133
72158
72163
72167
72186
72187
72198
72199
72206
72210
72213
72217
72226
72229
72234
72237
72247
72276
72282
72291
72293
72311
72319
72328
72340
72358
72368
72378
72380
72394
72395
72424
72431
72436
72442
72444
72451
72460
72475
72483
72488
72494
72509
72513
72533
72539
72555
72565
72568
72570
72591
72594
72600
72601
72616
72652
72660
72664
72670
72701
72707
72710
72711
72712
72715
72718
72721
72724
72741
72749
72750
72751
72776
72787
72793
72809
72830
72831
72841
72847
72857
72860
72864
72868
72881
72886
72892
72901
72926
72938
72942
72982
72983
72984
72987
73001
73007
73017
73034
73039
73050
73055
73064
73067
73074
73095
73110
73130
73139
73142
73177
73189
73198
73203
73212
73224
73227
73237
73249
73250
73287
73291
73327
73329
73343
73349
73365
73367
73369
73383
73404
73415
73428
73430
73431
73444
73476
73481
73483
73491
73496
73497
73518
73520
73534
73537
73540
73553
73557
73564
73600
73601
73623
73635
73647
73659
73667
73683
73689
73697
73712
73714
73729
73734
73750
73770
73794
73804
73814
73816
73818
73822
73826
73831
73834
73841
73846
73857
73863
73868
73875
73879
73899
73907
73915
73933
73960
73973
73980
74000
74012
74016
74017
74030
74049
74060
74064
74076
74095
74098
74100
74120
74122
74132
74144
74145
74153
74154
74171
74172
74176
74180
74181
74187
74190
74206
74218
74234
74241
74274
74287
74290
74297
74315
74327
74328
74335
74340
74349
74359
74360
74371
74374
74388
74391
74400
74417
74427
74446
74454
74464
74529
74542
74543
74549
74576
74581
74604
74605
74606
74618
74632
74642
74657
74661
74688
74699
74727
74732
74743
74750
74753
74765
74770
74801
74814
74824
74825
74827
74837
74840
74859
74865
74868
74869
74872
74873
74877
74879
74896
74900
74902
74926
74950
74963
74967
74985
74999
75034
75038
75049
75050
75055
75074
75086
75089
75100
75115
75117
75118
75132
75135
75149
75170
75185
75192
75200
75202
75211
75212
75222
75237
75238
75256
75257
75264
75275
75283
75287
75290
75295
75304
75312
75318
75341
75343
75357
75397
75399
75450
75451
75457
75462
75465
75467
75483
75490
75498
75522
75536
75540
75545
75546
75559
75565
75568
75577
75591
75609
75623
75670
75715
75730
75738
75739
75752
75777
75785
75786
75806
75814
75821
75837
75838
75840
75841
75845
75847
75850
75859
75867
75877
75880
75902
75904
75918
75919
75925
75927
75928
75929
75932
75940
75957
75970
75977
75980
75983
76013
76027
76048
76049
76070
76082
76088
76089
76095
76121
76123
76135
76142
76157
76177
76190
76196
76204
76212
76216
76227
76233
76236
76244
76266
76270
76287
76316
76322
76324
76345
76348
76353
76361
76367
76377
76391
76407
76411
76421
76423
76427
76428
76431
76434
76450
76458
76460
76461
76463
76476
76491
76497
76504
76506
76515
76518
76542
76566
76584
76604
76651
76661
76670
76674
76682
76684
76701
76702
76703
76729
76749
76756
76763
76765
76774
76776
76792
76795
76798
76851
76853
76862
76870
76888
76912
76915
76926
76927
76928
76938
76959
76960
76966
76973
76985
76998
77027
77034
77046
77053
77070
77074
77079
77089
77090
77092
77106
77117
77152
77156
77166
77203
77211
77224
77225
77235
77239
77256
77263
77274
77295
77304
77306
77362
77363
77367
77369
77382
77393
77405
77410
77423
77429
77450
77466
77470
77514
77515
77535
77536
77538
77546
77548
77557
77593
77594
77595
77610
77623
77643
77665
77672
77699
77704
77705
77709
77715
77720
77722
77724
77727
77732
77736
77792
77829
77837
77849
77854
77876
77884
77923
77925
77931
77932
77944
77947
77948
77950
77954
77974
77980
78009
78012
78014
78015
78027
78053
78064
78114
78137
78138
78169
78177
78188
78201
78218
78222
78223
78235
78239
78243
78250
78282
78291
78309
78314
78323
78331
78340
78348
78371
78377
78382
78391
78411
78420
78424
78427
78431
78449
78453
78471
78477
78497
78503
78513
78527
78540
78589
78623
78635
78649
78660
78666
78670
78675
78676
78682
78686
78689
78694
78695
78703
78706
78710
78718
78720
78723
78729
78731
78745
78748
78765
78788
78802
78809
78859
78865
78880
78909
78927
78929
78933
78950
78968
78997
78998
79003
79005
79010
79016
79031
79033
79049
79050
79055
79056
79067
79070
79074
79076
79078
79087
79088
79112
79114
79116
79120
79124
79133
79137
79144
79156
79161
79167
79185
79190
79193
79194
79196
79199
79205
79211
79215
79221
79223
79257
79264
79269
79285
79286
79288
79298
79311
79312
79320
79339
79354
79369
79389
79390
79409
79424
79432
79434
79449
79452
79454
79469
79495
79501
79516
79517
79519
79527
79534
79536
79542
79549
79551
79577
79590
79593
79604
79614
79625
79630
79638
79648
79651
79660
79665
79666
79675
79690
79700
79716
79719
79724
79746
79756
79765
79774
79781
79807
79810
79829
79831
79835
79836
79847
79854
79877
79880
79888
79892
79899
79903
79904
79914
79921
79925
79937
79946
79949
79952
79958
79962
79967
79982
79993
79995
79998
80000
80007
80016
80021
80026
80036
80056
80061
80064
80095
80099
80101
80124
80131
80132
80139
80148
80158
80173
80192
80207
80208
80212
80214
80216
80266
80268
80281
80290
80296
80306
80309
80310
80314
80333
80336
80374
80377
80386
80387
80390
80393
80398
80400
80401
80402
80412
80415
80429
80431
80433
80434
80436
80451
80454
80456
80457
80459
80464
80478
80498
80505
80513
80531
80534
80536
80539
80559
80572
80573
80594
80598
80603
80609
80614
80616
80627
80632
80644
80645
80700
80709
80712
80722
80725
80745
80751
80763
80778
80779
80789
80826
80829
80832
80834
80839
80840
80848
80852
80868
80892
80899
80914
80919
80941
80955
80990
80991
80993
81015
81023
81037
81053
81054
81057
81062
81063
81067
81068
81070
81079
81083
81142
81144
81163
81166
81170
81173
81215
81224
81234
81249
81263
81280
81290
81309
81331
81346
81352
81357
81370
81372
81380
81381
81386
81388
81391
81392
81401
81405
81407
81420
81425
81429
81431
81440
81454
81477
81482
81501
81506
81525
81529
81530
81533
81539
81549
81567
81577
81601
81606
81612
81616
81617
81620
81634
81640
81643
81670
81675
81689
81691
81712
81717
81720
81721
81722
81725
81727
81748
81789
81799
81804
81820
81830
81831
81837
81845
81854
81857
81858
81878
81883
81889
81893
81898
81915
81917
81929
81935
81944
81955
81958
81960
81962
81976
81996
82003
82004
82006
82025
82028
82032
82037
82048
82059
82088
82093
82102
82134
82139
82140
82147
82169
82175
82186
82192
82241
82280
82294
82310
82315
82329
82346
82348
82351
82352
82386
82400
82401
82404
82420
82439
82467
82478
82491
82493
82499
82518
82529
82534
82546
82560
82562
82563
82572
82584
82595
82631
82665
82686
82690
82693
82699
82720
82725
82733
82740
82749
82760
82766
82767
82770
82774
82788
82791
82792
82798
82805
82811
82819
82832
82845
82863
82869
82880
82895
82898
82918
82920
82927
82939
82941
82976
82987
82989
83036
83093
83102
83121
83123
83125
83138
83165
83177
83180
83216
83232
83233
83238
83246
83247
83255
83259
83263
83268
83318
83362
83367
83383
83390
83415
83419
83432
83436
83445
83476
83478
83484
83503
83507
83508
83509
83514
83522
83523
83525
83530
83574
83586
83587
83596
83611
83616
83641
83643
83647
83655
83680
83688
83710
83738
83740
83751
83758
83775
83776
83779
83784
83786
83789
83790
83799
83808
83809
83845
83854
83860
83862
83887
83894
83926
83938
83944
83951
83957
83961
83969
83974
83980
83984
83995
83996
84002
84006
84030
84033
84045
84053
84062
84068
84069
84074
84079
84086
84104
84131
84151
84162
84186
84194
84209
84211
84244
84267
84284
84296
84302
84305
84315
84321
84329
84353
84369
84376
84377
84381
84382
84386
84403
84425
84440
84455
84472
84481
84484
84508
84519
84531
84532
84539
84545
84565
84567
84574
84582
84599
84605
84619
84626
84628
84629
84632
84633
84641
84647
84666
84676
84682
84685
84722
84724
84725
84757
84773
84787
84793
84804
84805
84806
84807
84809
84817
84821
84830
84837
84843
84844
84847
84857
84867
84878
84890
84902
84911
84913
84920
84936
84946
84953
84979
84980
84985
85011
85014
85016
85022
85024
85051
85052
85057
85058
85072
85097
85099
85118
85160
85161
85168
85170
85173
85191
85193
85195
85203
85210
85224
85228
85230
85247
85255
85256
85259
85267
85281
85283
85301
85314
85328
85339
85359
85367
85370
85391
85430
85431
85435
85439
85444
85453
85456
85473
85485
85503
85504
85533
85543
85559
85561
85572
85582
85607
85613
85620
85631
85643
85652
85670
85671
85672
85675
85692
85698
85700
85703
85708
85710
85724
85750
85760
85761
85779
85781
85789
85791
85793
85796
85801
85822
85824
85830
85840
85869
85870
85873
85880
85881
85883
85898
85917
85919
85929
85935
85942
85945
85946
85953
85962
85968
85969
85979
86008
86015
86018
86028
86029
86040
86047
86059
86067
86077
86088
86097
86107
86109
86123
86124
86134
86138
86148
86158
86165
86170
86183
86213
86233
86242
86252
86255
86271
86350
86357
86360
86370
86374
86379
86419
86430
86446
86452
86483
86500
86517
86546
86561
86562
86564
86569
86570
86592
86601
86630
86631
86641
86657
86659
86661
86675
86687
86688
86689
86702
86709
86711
86712
86718
86757
86759
86767
86771
86772
86776
86793
86817
86833
86846
86848
86858
86875
86878
86880
86900
86906
86907
86918
86923
86926
86935
86976
86988
86993
87000
87019
87025
87033
87034
87036
87041
87053
87066
87067
87088
87093
87095
87113
87116
87119
87126
87127
87129
87139
87159
87163
87172
87181
87215
87219
87243
87250
87258
87259
87275
87304
87317
87322
87332
87340
87343
87351
87377
87389
87397
87398
87400
87401
87420
87426
87439
87441
87467
87508
87524
87526
87534
87544
87548
87562
87565
87598
87599
87601
87607
87624
87638
87641
87642
87646
87655
87671
87716
87721
87728
87737
87738
87751
87753
87761
87767
87773
87777
87786
87793
87794
87813
87830
87848
87865
87873
87907
87935
87936
87940
87943
87948
87957
87961
87963
87972
87986
88007
88011
88017
88024
88032
88075
88078
88080
88106
88107
88108
88110
88122
88141
88143
88144
88146
88152
88155
88162
88164
88177
88182
88187
88217
88219
88224
88231
88232
88255
88267
88274
88276
88284
88295
88310
88311
88313
88322
88333
88340
88346
88352
88381
88384
88408
88417
88421
88432
88445
88478
88492
88502
88509
88524
88539
88547
88557
88562
88566
88567
88588
88609
88665
88666
88670
88687
88688
88691
88708
88709
88727
88739
88747
88756
88763
88764
88766
88768
88786
88799
88807
88822
88825
88826
88835
88844
88857
88865
88871
88875
88878
88894
88900
88901
88981
88985
88989
88991
88993
89004
89009
89016
89020
89029
89035
89039
89043
89046
89049
89054
89063
89064
89074
89079
89095
89099
89104
89142
89146
89148
89155
89191
89205
89210
89213
89238
89239
89244
89250
89255
89277
89283
89294
89298
89304
89310
89321
89323
89328
89331
89336
89338
89344
89346
89394
89398
89404
89418
89420
89424
89434
89437
89447
89448
89450
89457
89468
89478
89481
89483
89486
89487
89488
89492
89498
89501
89506
89518
89523
89528
89546
89563
89569
89577
89589
89612
89622
89657
89668
89697
89722
89739
89743
89755
89768
89774
89787
89802
89814
89816
89853
89860
89898
89921
89930
89931
89941
89953
89954
89967
89968
89979
90006
90011
90036
90070
90073
90075
90077
90087
90088
90090
90095
90108
90110
90117
90119
90122
90124
90135
90147
90155
90158
90160
90180
90181
90182
90186
90211
90217
90235
90237
90242
90254
90256
90280
90283
90292
90295
90305
90316
90320
90321
90326
90329
90332
90345
90348
90350
90372
90414
90417
90464
90466
90468
90478
90486
90493
90511
90517
90528
90550
90557
90559
90579
90589
90590
90592
90598
90604
90606
90613
90621
90635
90647
90650
90655
90661
90663
90668
90669
90671
90683
90694
90712
90716
90719
90733
90745
90749
90750
90764
90776
90784
90799
90804
90826
90829
90830
90844
90851
90853
90855
90856
90862
90892
90903
90956
90959
90968
90983
91005
91014
91022
91028
91048
91062
91065
91070
91072
91078
91079
91091
91092
91148
91152
91160
91167
91170
91181
91188
91193
91208
91221
91226
91235
91237
91241
91247
91258
91263
91265
91267
91270
91272
91273
91278
91300
91312
91315
91324
91361
91371
91402
91430
91434
91436
91442
91451
91452
91453
91456
91482
91508
91509
91520
91531
91555
91571
91607
91615
91618
91646
91676
91686
91688
91695
91717
91726
91733
91742
91745
91751
91763
91774
91777
91785
91788
91792
91800
91804
91810
91820
91824
91827
91828
91832
91839
91849
91875
91877
91910
91924
91926
91947
91949
91953
91955
91958
91969
91976
91978
91981
92004
92009
92023
92038
92041
92051
92053
92055
92060
92065
92075
92076
92082
92101
92130
92141
92145
92161
92173
92187
92196
92197
92209
92211
92233
92245
92253
92263
92276
92291
92292
92293
92319
92345
92350
92358
92363
92372
92381
92382
92393
92439
92444
92454
92466
92476
92484
92509
92518
92525
92545
92551
92566
92576
92581
92594
92595
92599
92604
92605
92630
92638
92663
92664
92684
92685
92698
92706
92718
92726
92730
92743
92763
92774
92785
92797
92804
92814
92815
92836
92845
92848
92861
92872
92881
92886
92890
92892
92917
92921
92936
92938
92944
92960
92966
92971
92972
92977
92984
92990
93000
93001
93028
93033
93041
93045
93090
93118
93120
93136
93158
93166
93168
93169
93201
93210
93242
93243
93268
93298
93313
93321
93351
93355
93359
93360
93365
93366
93376
93377
93409
93416
93434
93449
93454
93455
93458
93463
93470
93494
93500
93502
93506
93513
93518
93533
93536
93559
93563
93574
93578
93583
93586
93595
93616
93637
93644
93648
93650
93665
93671
93681
93699
93702
93705
93717
93718
93728
93743
93744
93746
93749
93755
93766
93801
93804
93811
93820
93821
93861
93865
93888
93905
93930
93939
93956
93966
93994
94000
94009
94044
94046
94068
94073
94076
94082
94094
94104
94109
94117
94128
94139
94143
94146
94150
94159
94207
94216
94218
94237
94261
94269
94289
94301
94330
94378
94388
94406
94409
94413
94416
94419
94424
94433
94438
94439
94443
94445
94447
94453
94456
94463
94464
94496
94545
94562
94564
94570
94573
94574
94588
94598
94611
94613
94626
94635
94653
94658
94663
94665
94672
94674
94675
94728
94731
94735
94751
94765
94771
94784
94785
94789
94799
94809
94826
94844
94854
94883
94884
94890
94922
94932
94933
94941
94955
94963
94984
94994
94995
94996
95000
95032
95033
95075
95096
95103
95104
95111
95113
95115
95118
95122
95124
95127
95156
95175
95177
95203
95223
95225
95251
95263
95294
95298
95301
95310
95323
95349
95354
95360
95395
95396
95402
95411
95419
95429
95438
95446
95475
95503
95527
95528
95536
95543
95550
95576
95600
95602
95612
95617
95618
95621
95627
95628
95662
95666
95673
95677
95707
95727
95730
95753
95759
95798
95803
95811
95848
95856
95870
95875
95881
95882
95892
95893
95902
95911
95912
95919
95921
95923
95924
95926
95931
95937
95954
95957
95977
96017
96027
96042
96052
96053
96058
96059
96077
96080
96081
96093
96096
96099
96100
96110
96115
96118
96148
96163
96165
96167
96171
96173
96176
96180
96185
96206
96218
96220
96240
96265
96273
96277
96279
96283
96286
96292
96299
96336
96342
96353
96366
96370
96377
96381
96399
96400
96419
96420
96437
96446
96461
96465
96467
96490
96504
96521
96523
96539
96548
96554
96555
96574
96575
96576
96603
96611
96627
96634
96653
96654
96659
96663
96665
96674
96680
96682
96694
96704
96705
96711
96712
96716
96722
96729
96732
96733
96738
96757
96765
96769
96798
96807
96828
96831
96837
96847
96850
96854
96856
96865
96875
96882
96884
96905
96944
96966
96977
96997
97001
97010
97022
97055
97056
97064
97065
97081
97102
97105
97108
97121
97123
97141
97148
97152
97159
97164
97165
97171
97190
97191
97196
97220
97228
97235
97249
97263
97285
97302
97318
97324
97330
97366
97367
97391
97413
97423
97424
97430
97431
97446
97456
97471
97472
97503
97507
97512
97517
97524
97525
97542
97556
97557
97566
97593
97596
97598
97611
97614
97618
97646
97654
97658
97671
97682
97694
97695
97702
97709
97715
97718
97732
97755
97771
97772
97784
97791
97792
97796
97797
97810
97826
97840
97845
97859
97860
97865
97883
97889
97899
97906
97910
97911
97920
97922
97936
97944
97948
97952
97978
97982
97988
97991
97993
98019
98043
98066
98069
98072
98077
98085
98087
98095
98101
98104
98105
98112
98115
98125
98131
98132
98140
98149
98155
98168
98184
98197
98203
98207
98211
98228
98230
98233
98239
98248
98252
98254
98275
98276
98283
98291
98292
98305
98306
98308
98310
98312
98338
98341
98375
98387
98391
98407
98408
98436
98439
98453
98463
98467
98472
98473
98480
98482
98484
98490
98502
98504
98511
98523
98526
98528
98530
98531
98536
98550
98562
98565
98575
98578
98583
98591
98599
98621
98626
98647
98650
98658
98668
98673
98716
98753
98756
98757
98759
98765
98772
98773
98780
98808
98817
98824
98827
98829
98843
98852
98855
98859
98863
98874
98877
98884
98890
98899
98902
98916
98921
98931
98941
98960
98977
98988
98990
98991
98995
99027
99030
99035
99048
99054
99067
99071
99072
99097
99100
99102
99124
99126
99141
99143
99160
99183
99208
99211
99235
99237
99254
99273
99284
99286
99289
99311
99320
99341
99344
99347
99351
99352
99363
99369
99374
99386
99388
99389
99392
99413
99442
99451
99452
99457
99468
99478
99479
99482
99487
99522
99558
99566
99575
99578
99591
99598
99613
99633
99653
99664
99681
99686
99698
99705
99710
99712
99724
99728
99731
99737
99739
99741
99743
99749
99757
99764
99765
99772
99781
99786
99788
99818
99822
99823
99824
99832
99850
99851
99852
99860
99873
99878
99898
99919
99967
99976
99986
99988
